__yasmid=0.9539950204282899; path=/
__yamid_tt1=0.9539950204282899; path=/
__yamid_new=C8A224D9D2200001FFE81050D3261E03; path=/
_yasids=__rootsid%3DC8A224D9D22000018363A100F9504460; path=/
isInLiveRoom=true;
SoundValue=0.50;
alphaValue=0.80;
udb_passdata=3;
udb_biztoken=AQCK4g5gh5hH3HDacePeepG9DqqBMuqzjUTCToVzXiY8YQxjgc0EVru96S0_nAYb6NhYLtmwMExnmtawUv_prGVsMTR-rztwrxy14YJ0VjY7WYxnDcCnj62yjwkdM2ztVqZhFJLsT9mbS5jSa7RuebHdeL-Zm7Ad7QVr9Zn-Rgsfvdpam1QK0GnbqQwjY0jqn6b0c0N8n-LVth_DzkUhcfsK-tQrNAo-SPvcjzygCvbgppB_is0TT7Ke_HutXSiiPHrMx3GGEfd5NekU9NVr88JHP90uftj322qFY4F7bTeMfZAmAfwpBIMyZJ1QWAIBYclY2dEFm9LhQtVLgaQdcl3T; path=/; domain=huya.com; Max-Age=604800; Expires=Fri, 18-Oct-2019 06:56:43 GMT
udb_origin=1; path=/; domain=huya.com; Max-Age=604800; Expires=Fri, 18-Oct-2019 06:56:43 GMT
udb_other=%7B%22lt%22%3A%221570777003724%22%2C%22isRem%22%3A%221%22%7D; path=/; domain=huya.com; Max-Age=604800; Expires=Fri, 18-Oct-2019 06:56:43 GMT
udb_passport=hy_32574927; path=/; domain=huya.com; Max-Age=604800; Expires=Fri, 18-Oct-2019 06:56:43 GMT
udb_status=1; path=/; domain=huya.com; Max-Age=604800; Expires=Fri, 18-Oct-2019 06:56:43 GMT
udb_uid=1199523344420; path=/; domain=huya.com; Max-Age=604800; Expires=Fri, 18-Oct-2019 06:56:43 GMT
udb_version=1.0; path=/; domain=huya.com; Max-Age=604800; Expires=Fri, 18-Oct-2019 06:56:43 GMT
username=hy_32574927; path=/; domain=huya.com; Max-Age=604800; Expires=Fri, 18-Oct-2019 06:56:43 GMT
yyuid=1199523344420; path=/; domain=huya.com; Max-Age=604800; Expires=Fri, 18-Oct-2019 06:56:43 GMT
vplayer_sbanner_1199521503354_1199521503354=1; 
PHPSESSID=1f5vss3p7hk8o9qjqr8v5g0mv3; path=/
guid=0acf6cbcac27a05d68888c678d67df5b