__yasmid=0.4240681850838197; path=/
__yamid_tt1=0.4240681850838197; path=/
__yamid_new=C8A22680F9400001839AF040E7091DA0; path=/
_yasids=__rootsid%3DC8A22680F94000017DB41CB08170FEA0; path=/
isInLiveRoom=true;
SoundValue=0.50;
alphaValue=0.80;
udb_passdata=3;
udb_biztoken=AQA4u-3fZNiCAI_lUcMeqKwauwgVOLJ3ChikenzLrJoILKYi-WGEy01JIPTXnleHIdJy0AB15j1jfqx2Y2pUYJ0aH9uaNhqgFeGhObk9yM9g2Bgocmgzm3INaBHk3FGR_RObZy2UHdFUcKu0AaAoDlPYaXcBk2kVfC_U1cv5sjHPi2yIfdKRt9w7ai4UP7hh-hD7rS5lBN_seJOXrMqP6esVCr50RsyvoTv2ujGyfhtNa0CodkE3xUEBbvLT4cHrEOIu6ZgBeefugeNsOA5GjIHXlcXPGRCl2aYz8BVbbBXxG-F106EIeAvXKH8zLvto_dZ6n5GAGkkk-8U_7jvMh-qK; path=/; domain=huya.com; Max-Age=604800; Expires=Fri, 18-Oct-2019 07:25:22 GMT
udb_origin=1; path=/; domain=huya.com; Max-Age=604800; Expires=Fri, 18-Oct-2019 07:25:22 GMT
udb_other=%7B%22lt%22%3A%221570778722375%22%2C%22isRem%22%3A%221%22%7D; path=/; domain=huya.com; Max-Age=604800; Expires=Fri, 18-Oct-2019 07:25:22 GMT
udb_passport=hy_20864787; path=/; domain=huya.com; Max-Age=604800; Expires=Fri, 18-Oct-2019 07:25:22 GMT
udb_status=1; path=/; domain=huya.com; Max-Age=604800; Expires=Fri, 18-Oct-2019 07:25:22 GMT
udb_uid=1199521583433; path=/; domain=huya.com; Max-Age=604800; Expires=Fri, 18-Oct-2019 07:25:22 GMT
udb_version=1.0; path=/; domain=huya.com; Max-Age=604800; Expires=Fri, 18-Oct-2019 07:25:22 GMT
username=hy_20864787; path=/; domain=huya.com; Max-Age=604800; Expires=Fri, 18-Oct-2019 07:25:22 GMT
yyuid=1199521583433; path=/; domain=huya.com; Max-Age=604800; Expires=Fri, 18-Oct-2019 07:25:22 GMT
vplayer_sbanner_1199521503354_1199521503354=1; 
PHPSESSID=vsu7h9074dag7isachept8mlq7; path=/
guid=7160c359622ea05d8ba045964696b34f
vplayer_sbanner_71786346_71786346=1; 