__yasmid=0.30742763340776724; path=/
__yamid_tt1=0.30742763340776724; path=/
__yamid_new=C8A224CE51200001A0C219F714A31B2B; path=/
_yasids=__rootsid%3DC8A224CE51300001AA8545A0DB501D70; path=/
isInLiveRoom=true;
SoundValue=0.50;
alphaValue=0.80;
udb_passdata=3;
udb_biztoken=AQAdoMTvCc1rqk2s2KrT_w8uUZen102HgiqA74Wxj-rijrNFqqYejcKv0ANTmUSM3_pnG4ktbwAN13vYiTsLYj8UtOO9PlEV26YxFssmbbqr1sZ0heLJbdlC1TVJ3HGACYPHG0VMyKK1LBL4W3iRoOkLZNwdQXhRnwll9M8QJF6ZKzaQ6vtSCiGiHAyhIBsYqWVnEJPwaCBV_RiH4sBsTr00yBoWRH2ebANmpJ5u0q9nUhzThIegHOZ8uu1T9dVjpQkiv4zkQiEbwA7HKN4tw-IcBEeaPDC78AxsRgcdf8OqKdpe8KhJOdSZZjUnWpiDGQqJkZijyx3h17hO23inZkss; path=/; domain=huya.com; Max-Age=604800; Expires=Fri, 18-Oct-2019 06:55:42 GMT
udb_origin=100; path=/; domain=huya.com; Max-Age=604800; Expires=Fri, 18-Oct-2019 06:55:42 GMT
udb_other=%7B%22lt%22%3A%221570776942021%22%2C%22isRem%22%3A%221%22%7D; path=/; domain=huya.com; Max-Age=604800; Expires=Fri, 18-Oct-2019 06:55:42 GMT
udb_passport=2291852104yy; path=/; domain=huya.com; Max-Age=604800; Expires=Fri, 18-Oct-2019 06:55:42 GMT
udb_status=1; path=/; domain=huya.com; Max-Age=604800; Expires=Fri, 18-Oct-2019 06:55:42 GMT
udb_uid=2291742451; path=/; domain=huya.com; Max-Age=604800; Expires=Fri, 18-Oct-2019 06:55:42 GMT
udb_version=1.0; path=/; domain=huya.com; Max-Age=604800; Expires=Fri, 18-Oct-2019 06:55:42 GMT
username=2291852104yy; path=/; domain=huya.com; Max-Age=604800; Expires=Fri, 18-Oct-2019 06:55:42 GMT
yyuid=2291742451; path=/; domain=huya.com; Max-Age=604800; Expires=Fri, 18-Oct-2019 06:55:42 GMT
vplayer_sbanner_1199521503354_1199521503354=1; 
PHPSESSID=trfn1h4p9066c5rf01jqn4n5s4; path=/
guid=0acf6cbc6e27a05d6c881a631b6374a5