__yasmid=0.0430288847004332; path=/
__yamid_tt1=0.0430288847004332; path=/
__yamid_new=C8A22681F3600001ADFA83501D009CD0; path=/
_yasids=__rootsid%3DC8A22681F3600001F31AB04BA0009170; path=/
isInLiveRoom=true;
SoundValue=0.50;
alphaValue=0.80;
udb_passdata=3;
udb_biztoken=AQBRKvdBSfFvIaBFDMxwZNKY62sGkkKrl6BiHeVK0sqiFfoROF7b3woWfjMat5kv_kKue7JvIAAave6cVYlV_b6cxpc0PkTPzHbwktA7JmXpcligT6KxMF5pu875_vO9Luj7h8XOgjoxaczIKQdcmZ5hWWSFl8pll9tfKuC0ACFynEIyQ6ttcCOgA8ZKT6U7rKc2nKVDh0iv7LiDs-XPwrnh4dlopORVERRWODtyHBWH7v22LtA72RBojGXaZpYH56DuFXs4nqNjGJrtorTOWCwEZe2jG7HcfAVLk43QhENXQs7IDVtDHqqiDV7sqA3lL5ch2pW3aXw35K-BKxiAKM3J; path=/; domain=huya.com; Max-Age=604800; Expires=Fri, 18-Oct-2019 07:25:26 GMT
udb_origin=1; path=/; domain=huya.com; Max-Age=604800; Expires=Fri, 18-Oct-2019 07:25:26 GMT
udb_other=%7B%22lt%22%3A%221570778726558%22%2C%22isRem%22%3A%221%22%7D; path=/; domain=huya.com; Max-Age=604800; Expires=Fri, 18-Oct-2019 07:25:26 GMT
udb_passport=hy_23308312; path=/; domain=huya.com; Max-Age=604800; Expires=Fri, 18-Oct-2019 07:25:26 GMT
udb_status=1; path=/; domain=huya.com; Max-Age=604800; Expires=Fri, 18-Oct-2019 07:25:26 GMT
udb_uid=1199521996867; path=/; domain=huya.com; Max-Age=604800; Expires=Fri, 18-Oct-2019 07:25:26 GMT
udb_version=1.0; path=/; domain=huya.com; Max-Age=604800; Expires=Fri, 18-Oct-2019 07:25:26 GMT
username=hy_23308312; path=/; domain=huya.com; Max-Age=604800; Expires=Fri, 18-Oct-2019 07:25:26 GMT
yyuid=1199521996867; path=/; domain=huya.com; Max-Age=604800; Expires=Fri, 18-Oct-2019 07:25:26 GMT
vplayer_sbanner_1199521503354_1199521503354=1; 
PHPSESSID=n4cae517amtic6a7qjmp5alpf4; path=/
guid=0acf767d662ea05d180150405140a217