__yasmid=0.809505329662572; path=/
__yamid_tt1=0.809505329662572; path=/
__yamid_new=C8A224DA4F900001EBD032FB1590E5C0; path=/
_yasids=__rootsid%3DC8A224DA4F900001B94D120071D0A3B0; path=/
isInLiveRoom=true;
SoundValue=0.50;
alphaValue=0.80;
udb_passdata=3;
udb_biztoken=AQAaDzu7niX4UlcgKaNariyjCadt7_jeT-aDsIKwHFgB-Ttt2T9mpRDLTyAJgMtJ1A_UWlaajd575tzRM-e0HOpsQ4c-a0H-kOHj5pWMgiClLWiJ3Vr6raY5B1OhxlIogcH-Y-nS3pS0Rl_89L_iVlOUMcd1ZLCjSoX2IBtjwFYn8S6hmsO4HZoeDI_eoZALbanpOEaf0vwXkr4GMme4CMeRg9Gd3FNyG6-J-zcgkLmzOIEar5TmnenwNtsuAmRyUu6tq3P7sOkqEEXmyeH2N_UF-gbci7s5hHrxkNxKJvB70NdUEhiR4wvDuFI6aoYQrhSxTzPL-m2xKCEfnJPeTo-5; path=/; domain=huya.com; Max-Age=604800; Expires=Fri, 18-Oct-2019 06:56:54 GMT
udb_origin=100; path=/; domain=huya.com; Max-Age=604800; Expires=Fri, 18-Oct-2019 06:56:54 GMT
udb_other=%7B%22lt%22%3A%221570777014436%22%2C%22isRem%22%3A%221%22%7D; path=/; domain=huya.com; Max-Age=604800; Expires=Fri, 18-Oct-2019 06:56:54 GMT
udb_passport=1284636942yy; path=/; domain=huya.com; Max-Age=604800; Expires=Fri, 18-Oct-2019 06:56:54 GMT
udb_status=1; path=/; domain=huya.com; Max-Age=604800; Expires=Fri, 18-Oct-2019 06:56:54 GMT
udb_uid=1187912498; path=/; domain=huya.com; Max-Age=604800; Expires=Fri, 18-Oct-2019 06:56:54 GMT
udb_version=1.0; path=/; domain=huya.com; Max-Age=604800; Expires=Fri, 18-Oct-2019 06:56:54 GMT
username=1284636942yy; path=/; domain=huya.com; Max-Age=604800; Expires=Fri, 18-Oct-2019 06:56:54 GMT
yyuid=1187912498; path=/; domain=huya.com; Max-Age=604800; Expires=Fri, 18-Oct-2019 06:56:54 GMT
vplayer_sbanner_1199521503354_1199521503354=1; 