__yasmid=0.3863974072846512; path=/
__yamid_tt1=0.3863974072846512; path=/
__yamid_new=C8A224E555D0000145FE1AE0A9001466; path=/
_yasids=__rootsid%3DC8A224E555D00001665E18B6620FCAA0; path=/
isInLiveRoom=true;
SoundValue=0.50;
alphaValue=0.80;
udb_passdata=3;
udb_biztoken=AQBsXdHjQHnUDRawOWGrDygUwDBipr-44wapWKcV1zo673rTlCm9-KrnRU-EbKQgUQ65lsA01aeWUoOUe9kVdirPCyVoW-g85gnH0T7qxb79qAEdKWpSFUJ8-tEYkf1RsMZxdrLN9hnQOcuJ6tLj-SQMcDm7LONmFYvlO_iigZIRokEVm4vsOgFnqBM6ryKAwmfJCoQ1xF26b5-hmRspkTdKY7weafZdYNq1EUKufKOZYbVKJj-qAgQVuoK4gvMwRnhEzFd82URQUgr8LIbdddjl_92VyIOuInrjc6_lFXg8o3eY3rVPOprAE1fI1i6N3zUw5HoAd4Qjd5o2RTb_FxHs; path=/; domain=huya.com; Max-Age=604800; Expires=Fri, 18-Oct-2019 06:57:26 GMT
udb_origin=1; path=/; domain=huya.com; Max-Age=604800; Expires=Fri, 18-Oct-2019 06:57:26 GMT
udb_other=%7B%22lt%22%3A%221570777046641%22%2C%22isRem%22%3A%221%22%7D; path=/; domain=huya.com; Max-Age=604800; Expires=Fri, 18-Oct-2019 06:57:26 GMT
udb_passport=hy_32609445; path=/; domain=huya.com; Max-Age=604800; Expires=Fri, 18-Oct-2019 06:57:26 GMT
udb_status=1; path=/; domain=huya.com; Max-Age=604800; Expires=Fri, 18-Oct-2019 06:57:26 GMT
udb_uid=1199523347413; path=/; domain=huya.com; Max-Age=604800; Expires=Fri, 18-Oct-2019 06:57:26 GMT
udb_version=1.0; path=/; domain=huya.com; Max-Age=604800; Expires=Fri, 18-Oct-2019 06:57:26 GMT
username=hy_32609445; path=/; domain=huya.com; Max-Age=604800; Expires=Fri, 18-Oct-2019 06:57:26 GMT
yyuid=1199523347413; path=/; domain=huya.com; Max-Age=604800; Expires=Fri, 18-Oct-2019 06:57:26 GMT
vplayer_sbanner_1199521503354_1199521503354=1; 
PHPSESSID=n542n9c4cdgme4e6oe53hgde80; path=/
guid=7160c359d727a05d97a05f416041128c