__yasmid=0.18693306483610472; path=/
__yamid_tt1=0.18693306483610472; path=/
__yamid_new=C8A1E4CB3E1000014C3F1390137070F0; path=/
_yasids=__rootsid%3DC8A1E4CB3E200001DE7FE0631B102660; path=/
isInLiveRoom=true;
SoundValue=0.50;
alphaValue=0.80;
udb_passdata=3;
udb_biztoken=AQAuhTtHUYCIGN3Ylavi7vWCXKovEjxKDYt5AhPQPRR16Kvw9E4SQApuakKVr8TOs2N31mrauPaShsQFe2jjOdWvxIZvk4wZ7JseSQtmSpMgfdLYSeU0s5_ivICVTf4AeYFvs7eSXnWDO1IpoSTEU_Dywh60148HGKBdTnaJddO1AmbOYq5vhM1cr167oqhw3m6_NnSO3cNPFOpdllzU1P3i5R02TK0U8AonJ6baN8mFMN8K9KcfgF4t_6NbIAN6NQBZ5se7_kc_k6hi5ySPsPWeZpNTB9uJMyEAH1DPCUnTKZcenx1Vu4XHkKvqUFzHFGWrNHLh3JH4_7RkjlFXY2JN; path=/; domain=huya.com; Max-Age=604800; Expires=Thu, 17-Oct-2019 12:17:17 GMT
udb_origin=1; path=/; domain=huya.com; Max-Age=604800; Expires=Thu, 17-Oct-2019 12:17:17 GMT
udb_other=%7B%22lt%22%3A%221570709837309%22%2C%22isRem%22%3A%221%22%7D; path=/; domain=huya.com; Max-Age=604800; Expires=Thu, 17-Oct-2019 12:17:17 GMT
udb_passport=hy_19750648; path=/; domain=huya.com; Max-Age=604800; Expires=Thu, 17-Oct-2019 12:17:17 GMT
udb_status=1; path=/; domain=huya.com; Max-Age=604800; Expires=Thu, 17-Oct-2019 12:17:17 GMT
udb_uid=1199521102405; path=/; domain=huya.com; Max-Age=604800; Expires=Thu, 17-Oct-2019 12:17:17 GMT
udb_version=1.0; path=/; domain=huya.com; Max-Age=604800; Expires=Thu, 17-Oct-2019 12:17:17 GMT
username=hy_19750648; path=/; domain=huya.com; Max-Age=604800; Expires=Thu, 17-Oct-2019 12:17:17 GMT
yyuid=1199521102405; path=/; domain=huya.com; Max-Age=604800; Expires=Thu, 17-Oct-2019 12:17:17 GMT
vplayer_sbanner_1199521503354_1199521503354=1; 
PHPSESSID=30v8mgv0a2qbg51vto65ktvel0; path=/
guid=0ad8e14b51219f5d1e017c317d317352