__yasmid=0.9717647439592632; path=/
__yamid_tt1=0.9717647439592632; path=/
__yamid_new=C8A224E49A0000014BC017D814DD1C77; path=/
_yasids=__rootsid%3DC8A224E49A100001D39017ADBD301EF1; path=/
isInLiveRoom=true;
SoundValue=0.50;
alphaValue=0.80;
udb_passdata=3;
udb_biztoken=AQCckJxkTIocxmS4l2ys4lK49FoGk1RfbUPeYy_VPVztIvTMOzTsvGbor5ZN-RQrjfkYAkbPoCnBHgW8VnqZFL8sVVJ2fCP0SIOITyRvUA_ce3rcSekaCKy8HYhfazYa5l2eSgkb4mrxjx1Ebz3nhwmnIXF9L4h5XliJgSfrZ8GC8lSQrCxXeyBenNmAga5BYkDz53yNlppQtpbSUVy1s9Qi3rA2JibWiGs4e0vpXeRUzxLkKqEe1LXlALX8kLcGhfS24V6EemOPbiQE4eHfrpWYGh8PeyFrSXix_6jSlppGiIRR6dx-LIc3_SHtDjruVrIcgBdSlA0jWtuDTWZz2CNY; path=/; domain=huya.com; Max-Age=604800; Expires=Fri, 18-Oct-2019 06:57:13 GMT
udb_origin=1; path=/; domain=huya.com; Max-Age=604800; Expires=Fri, 18-Oct-2019 06:57:13 GMT
udb_other=%7B%22lt%22%3A%221570777033292%22%2C%22isRem%22%3A%221%22%7D; path=/; domain=huya.com; Max-Age=604800; Expires=Fri, 18-Oct-2019 06:57:13 GMT
udb_passport=35184375637612hy; path=/; domain=huya.com; Max-Age=604800; Expires=Fri, 18-Oct-2019 06:57:13 GMT
udb_status=1; path=/; domain=huya.com; Max-Age=604800; Expires=Fri, 18-Oct-2019 06:57:13 GMT
udb_uid=1199512024650; path=/; domain=huya.com; Max-Age=604800; Expires=Fri, 18-Oct-2019 06:57:13 GMT
udb_version=1.0; path=/; domain=huya.com; Max-Age=604800; Expires=Fri, 18-Oct-2019 06:57:13 GMT
username=35184375637612hy; path=/; domain=huya.com; Max-Age=604800; Expires=Fri, 18-Oct-2019 06:57:13 GMT
yyuid=1199512024650; path=/; domain=huya.com; Max-Age=604800; Expires=Fri, 18-Oct-2019 06:57:13 GMT
vplayer_sbanner_1199521503354_1199521503354=1; 
PHPSESSID=4r3nl1dhn50eo74cj8cru1s4j7; path=/
guid=b73e69b0c927a05d84f995f996f986a1