__yasmid=0.8273528136329007; path=/
__yamid_tt1=0.8273528136329007; path=/
__yamid_new=C8A1E578B9000001D67919005FF216A0; path=/
_yasids=__rootsid%3DC8A1E578B91000012E3C14661D602A00; path=/
isInLiveRoom=true;
SoundValue=0.50;
alphaValue=0.80;
udb_passdata=3;
udb_biztoken=AQBbM3p3zleFpIREtZBERptYmW64LGVwKxBbSEc5n_7sIN1xBIn37KJrdF1kNSxIdUK-eCjOlKuXR6Z5KwOlfoZ_26en-gBEHIsS8WCc-HJD-2h8lubndwIhcaM1OkSO4IKF-vp9tQb2bAREQc0rarE6pVjCk-haN9KbgYywPtC6XmbAoP5m-4khqWIwkXoYjPQooRXjESvXEIqvacg1V5M_iz0oS1IUZ0XBlNkfduyXHiJ4aSl6mvnoIOho_k4WsmrbAsh2Qh76fQx6itKN444yCiIkyrGZIXTpKZ18-LlFb-mByL2525wN1jD9l3585lHzu9XZpHii9QLv7n41c5EQ; path=/; domain=huya.com; Max-Age=604800; Expires=Thu, 17-Oct-2019 12:29:01 GMT
udb_origin=1; path=/; domain=huya.com; Max-Age=604800; Expires=Thu, 17-Oct-2019 12:29:01 GMT
udb_other=%7B%22lt%22%3A%221570710541581%22%2C%22isRem%22%3A%221%22%7D; path=/; domain=huya.com; Max-Age=604800; Expires=Thu, 17-Oct-2019 12:29:01 GMT
udb_passport=hy_32561175; path=/; domain=huya.com; Max-Age=604800; Expires=Thu, 17-Oct-2019 12:29:01 GMT
udb_status=1; path=/; domain=huya.com; Max-Age=604800; Expires=Thu, 17-Oct-2019 12:29:01 GMT
udb_uid=1199523347403; path=/; domain=huya.com; Max-Age=604800; Expires=Thu, 17-Oct-2019 12:29:01 GMT
udb_version=1.0; path=/; domain=huya.com; Max-Age=604800; Expires=Thu, 17-Oct-2019 12:29:01 GMT
username=hy_32561175; path=/; domain=huya.com; Max-Age=604800; Expires=Thu, 17-Oct-2019 12:29:01 GMT
yyuid=1199523347403; path=/; domain=huya.com; Max-Age=604800; Expires=Thu, 17-Oct-2019 12:29:01 GMT
vplayer_sbanner_1199521503354_1199521503354=1; 
PHPSESSID=5or57rdt66o4k7t6ci39ntcl44; path=/
guid=7160c3b10e249f5dda91fc3efd3e9e6f