__yasmid=0.21409476829351703; path=/
__yamid_tt1=0.21409476829351703; path=/
__yamid_new=C8A1E4CBBB700001CC5C12501D4810DC; path=/
_yasids=__rootsid%3DC8A1E4CBBB700001C08B1183187DCDF0; path=/
isInLiveRoom=true;
SoundValue=0.50;
alphaValue=0.80;
udb_passdata=3;
udb_biztoken=AQA7tD41MIaKiFZIQrjdQp5FRVrRTGj24pEgm-1fdf0uQ3nM2OkhKw_J5yWE9jjWJ1I1RXjJHAwFfRq8cUZkMZqkstBStNBRhXglBu6b9VTZG3qwSuuinEne6qoB1yC1pIgJm6pPtt3_pnPMDuOmQsi8bzA2Yx8DKu-kXuFS5b84JbB57IYIiFUcXv2lt6IGKLz3E5-xOvU09VbLNwFci-Eqr-NCeXBBmjPprFmWJOZ5Es_AlhSXt9EoipMOA0k4bfqB5vt8NaoRgIn7hiqYSQ3qVpahV6wwP6BTxpJRIaofL9GdOsy-ziZmTuo0wGr_RmHqqp4bnjn9VFNa-dyNT7qt; path=/; domain=huya.com; Max-Age=604800; Expires=Thu, 17-Oct-2019 12:17:57 GMT
udb_origin=3; path=/; domain=huya.com; Max-Age=604800; Expires=Thu, 17-Oct-2019 12:17:57 GMT
udb_other=%7B%22lt%22%3A%221570709877055%22%2C%22isRem%22%3A%221%22%7D; path=/; domain=huya.com; Max-Age=604800; Expires=Thu, 17-Oct-2019 12:17:57 GMT
udb_passport=sbq1185629172; path=/; domain=huya.com; Max-Age=604800; Expires=Thu, 17-Oct-2019 12:17:57 GMT
udb_status=1; path=/; domain=huya.com; Max-Age=604800; Expires=Thu, 17-Oct-2019 12:17:57 GMT
udb_uid=658727155; path=/; domain=huya.com; Max-Age=604800; Expires=Thu, 17-Oct-2019 12:17:57 GMT
udb_version=1.0; path=/; domain=huya.com; Max-Age=604800; Expires=Thu, 17-Oct-2019 12:17:57 GMT
username=sbq1185629172; path=/; domain=huya.com; Max-Age=604800; Expires=Thu, 17-Oct-2019 12:17:57 GMT
yyuid=658727155; path=/; domain=huya.com; Max-Age=604800; Expires=Thu, 17-Oct-2019 12:17:57 GMT
vplayer_sbanner_1199521503354_1199521503354=1; 
PHPSESSID=blp5dkv7i17fsjfsc450ih3vj4; path=/
guid=0acf767a75219f5d21010b1f0c1fb085