__yasmid=0.07192966743544393; path=/
__yamid_tt1=0.07192966743544393; path=/
__yamid_new=C8A224DB0B600001EF971A901EAC17ED; path=/
_yasids=__rootsid%3DC8A224DB0B6000013C67AEB0162A14A1; path=/
isInLiveRoom=true;
SoundValue=0.50;
alphaValue=0.80;
udb_passdata=3;
udb_biztoken=AQAO_ecXFmRbARUmjESk9Y9iNTuKRMqIYfZvAZt0VZQjxF60KmwgT8gItnNd6WbV3nZU3abVSM_ro3tmsGmuHL5gIMoEnLwa-T1z_5cU2ijDxApGhDf4YS8gqfj3Rh2SR4a_YkjKvEw--XszJXJzeu2oDrr3WFfGdXd0E7yueFVZ4TPSaE9Hcewv-8422QCBs3PKY8IqoAJ3Gq1ORyy7xqpL4DN8Odbw19EjLONtSCaahXdpObfPUq_MHZvzZ5CvBs6pSAnLH5EUWVHUCmKmmsDO30_l6jMacd_DEqO98_DnG_O6m7NYkq3z8b9dpPlAJN5PoKERgyidHcD_gI8tZF8j; path=/; domain=huya.com; Max-Age=604800; Expires=Fri, 18-Oct-2019 06:56:50 GMT
udb_origin=1; path=/; domain=huya.com; Max-Age=604800; Expires=Fri, 18-Oct-2019 06:56:50 GMT
udb_other=%7B%22lt%22%3A%221570777010863%22%2C%22isRem%22%3A%221%22%7D; path=/; domain=huya.com; Max-Age=604800; Expires=Fri, 18-Oct-2019 06:56:50 GMT
udb_passport=hy_9764159; path=/; domain=huya.com; Max-Age=604800; Expires=Fri, 18-Oct-2019 06:56:50 GMT
udb_status=1; path=/; domain=huya.com; Max-Age=604800; Expires=Fri, 18-Oct-2019 06:56:50 GMT
udb_uid=1199519175189; path=/; domain=huya.com; Max-Age=604800; Expires=Fri, 18-Oct-2019 06:56:50 GMT
udb_version=1.0; path=/; domain=huya.com; Max-Age=604800; Expires=Fri, 18-Oct-2019 06:56:50 GMT
username=hy_9764159; path=/; domain=huya.com; Max-Age=604800; Expires=Fri, 18-Oct-2019 06:56:50 GMT
yyuid=1199519175189; path=/; domain=huya.com; Max-Age=604800; Expires=Fri, 18-Oct-2019 06:56:50 GMT
vplayer_sbanner_1199521503354_1199521503354=1; 
PHPSESSID=vmrp9cgsfjqmhl7m47hev4cdo0; path=/
guid=0ad8e147b327a05d12011dd71ed7f864