__yasmid=0.9289405177833974; path=/
__yamid_tt1=0.9289405177833974; path=/
__yamid_new=C8A22680F8E000012A6E294098D01573; path=/
_yasids=__rootsid%3DC8A22680F8F00001674F158815F61C1A; path=/
isInLiveRoom=true;
SoundValue=0.50;
alphaValue=0.80;
udb_passdata=3;
udb_biztoken=AQAN603tENQCsF2N4DUfhxrlm10_Kt7y4VQvESYfpV2ZWHRLY6lodhQZBB7bI5pT-o1tlGHv2JpzzlvOy3yS31ZicIydGJoJ3KRUr9p-pEqWfNtbjI1aW_FdGku-aPQeTUKNGgy0uZcJb_ZRr5199EwBK63GCnjxhsdBQy43qA5SjbriVPoWBUAWaG1MiYyg4UKPF4x84azAo1VagKIjG-ZnLeUNvrXUHjXamCSC6_4SuVrOsmmyLY86z0hLdUtRy7PDm1VW3pb9K-_3pVNoNhPf5PNc7bcCC2ZHzygoMOq6mEau4sfWJ-9WHtGGdQ9E9ou99to_JzWSh32h05VqxAR1; path=/; domain=huya.com; Max-Age=604800; Expires=Fri, 18-Oct-2019 07:25:29 GMT
udb_origin=4; path=/; domain=huya.com; Max-Age=604800; Expires=Fri, 18-Oct-2019 07:25:29 GMT
udb_other=%7B%22lt%22%3A%221570778729723%22%2C%22isRem%22%3A%221%22%7D; path=/; domain=huya.com; Max-Age=604800; Expires=Fri, 18-Oct-2019 07:25:29 GMT
udb_passport=hy_29794405; path=/; domain=huya.com; Max-Age=604800; Expires=Fri, 18-Oct-2019 07:25:29 GMT
udb_status=1; path=/; domain=huya.com; Max-Age=604800; Expires=Fri, 18-Oct-2019 07:25:29 GMT
udb_uid=1279518667356; path=/; domain=huya.com; Max-Age=604800; Expires=Fri, 18-Oct-2019 07:25:29 GMT
udb_version=1.0; path=/; domain=huya.com; Max-Age=604800; Expires=Fri, 18-Oct-2019 07:25:29 GMT
username=hy_29794405; path=/; domain=huya.com; Max-Age=604800; Expires=Fri, 18-Oct-2019 07:25:29 GMT
yyuid=1279518667356; path=/; domain=huya.com; Max-Age=604800; Expires=Fri, 18-Oct-2019 07:25:29 GMT
vplayer_sbanner_1199521503354_1199521503354=1; 
PHPSESSID=hkppqlh1p20o55nims78b4r217; path=/
guid=7160c3ad6b2ea05df032f2f4f3f42f2a
vplayer_sbanner_71786346_71786346=1; 