SoundValue=0.50; 
sdid=;
__yamid_tt1=0.08073194090034441;
__yamid_new=C8AD5B7049E000012A96C59CC8F19010; 
alphaValue=0.80; 
guid=0acf6cbde218ce5dda428612871224db;
PHPSESSID=litfa448fh0c1eo0nmlt3fnrk5;
__yasmid=0.08073194090034441;
Hm_lvt_51700b6c722f5bb4cf39906a596ea41f=1573548176,1573638845,1573787008,1573876456;
udb_passdata=3;
udb_guiddata=d652f129ceba43cbb2b49bc012006229;
udb_origin=4;
udb_passport=hy_29794405;
udb_status=1;
udb_uid=1279518667356;
udb_version=1.0;
username=hy_29794405;
yyuid=1279518667356;
udb_accdata=18210355031;
udb_other=%7B%22lt%22%3A%221573876632305%22%2C%22isRem%22%3A%221%22%7D;
h_unt=1573876633;
__yaoldyyuid=1279518667356;
_yasids=__rootsid%3DC8ADB0E72C300001DCA1ED2017951A64;
isInLiveRoom=;
Hm_lpvt_51700b6c722f5bb4cf39906a596ea41f=1573877622;
udb_biztoken=AQAkAzmQHMheO4unlPYNGIKmEDLeAJBLi-Irv3E8N5BnfLcc0JGqietGT0cfCOSSaZEOY7KqqQbmWGwjWvRJXd6qWxI1mvssze4DtJ64ZZldIloKIzVhAS-1prB4EdHa9nAHaOfHOvFtXuAemJQw689Cn2hjt_wlQBymV9-uVaD-Z0GO_ZYCmw01giUUEMb9E_noVVmQRAJMBoV0q1VE27z_zTKfjJ1VbDxUePG3zRVsoKb7Z1Ra8e0GPQAkS71xg8UnZhs-Lqc_eTNQtGG5yivsPd_o4nh8ZYM_VBUceG3ZvdgYoY4524859IQpeGnHQSD0-Lb-iLU-9WueKKRc47xm