__yasmid=0.9273105761907232; path=/
__yamid_tt1=0.9273105761907232; path=/
__yamid_new=C8A224CF4B60000181C7F960153B1C05; path=/
_yasids=__rootsid%3DC8A224CF4B600001F598A9281DA6172B; path=/
isInLiveRoom=true;
SoundValue=0.50;
alphaValue=0.80;
udb_passdata=3;
udb_biztoken=AQABvuDn2tn2If8lJEoYICosbCpP-n0BWprxV34yD0RGWfCwjGynoJTziuJ0jBU83XBaxdoZ3y5iqVlTkL8_SgIwf1cANG_JkK40s9UJ3V3mcOxpS9ps0Wo1UhVPsz_0Kp9dMQ-TFj6ZnXND9c5_W3gxZBLGMLMT_epch3XnT4pA5NnRW0kTftawNrzVfPCwK5aYx6mB_naEi4hGcwZHJJO9RPO6tiVhC0zlElzTqVbhwC7j_FqK_i5FjZaPZigL6iSuGOJ9ZX8uOKVKj0GSWI_CzM7mvifcpGkoXqe-meHAb4anJGXY9N49_aKTKmGtSBk93ApIztAq-GYP20q9yUQQ; path=/; domain=huya.com; Max-Age=604800; Expires=Fri, 18-Oct-2019 06:56:09 GMT
udb_origin=1; path=/; domain=huya.com; Max-Age=604800; Expires=Fri, 18-Oct-2019 06:56:09 GMT
udb_other=%7B%22lt%22%3A%221570776969064%22%2C%22isRem%22%3A%221%22%7D; path=/; domain=huya.com; Max-Age=604800; Expires=Fri, 18-Oct-2019 06:56:09 GMT
udb_passport=hy_32567045; path=/; domain=huya.com; Max-Age=604800; Expires=Fri, 18-Oct-2019 06:56:09 GMT
udb_status=1; path=/; domain=huya.com; Max-Age=604800; Expires=Fri, 18-Oct-2019 06:56:09 GMT
udb_uid=1199523393095; path=/; domain=huya.com; Max-Age=604800; Expires=Fri, 18-Oct-2019 06:56:09 GMT
udb_version=1.0; path=/; domain=huya.com; Max-Age=604800; Expires=Fri, 18-Oct-2019 06:56:09 GMT
username=hy_32567045; path=/; domain=huya.com; Max-Age=604800; Expires=Fri, 18-Oct-2019 06:56:09 GMT
yyuid=1199523393095; path=/; domain=huya.com; Max-Age=604800; Expires=Fri, 18-Oct-2019 06:56:09 GMT
vplayer_sbanner_1199521503354_1199521503354=1; 
PHPSESSID=k2l8tm0vilbs76pb3c3p9khf21; path=/
guid=0e74abcd8927a05d60294e274f272d61