__yasmid=0.9054623682900886; path=/
__yamid_tt1=0.9054623682900886; path=/
__yamid_new=C8A225092EC00001B762D5CC12B02870; path=/
_yasids=__rootsid%3DC8A225092EC000014A2D315016A970B0; path=/
isInLiveRoom=true;
SoundValue=0.50;
alphaValue=0.80;
udb_passdata=3;
udb_biztoken=AQBOxqxvP2bSJULaJr6vDhjoygNsV-uikJPiReW_RVxhTYv2oRejqF7o_AQX5TfNp3jVcDXAyfNJfNghaMyVI6lRjeaYc_6c-2aloAg3zlJil_HRBslCPt8AG0GoMvq4UpK1dfFUuRx6lmo7klweFWyjiACLgf6LRVZ3W2yY1xh8Saod9o8KAeQFxIzq9zoSPWYrBZBzOcI7nfDFjgdzEdD7WY8Tybyt7ONJu7vdWpl4JQGeKt4N62GR1KnhDyZeU2i2kIQE7qcBVa5pRO9m-8SSI7_O6Rjc1An-jlvnsrJ-vpPsYGw5xcY2gR_myAF5NFCTeC_NqlABTgrD-Gpy_rEr; path=/; domain=huya.com; Max-Age=604800; Expires=Fri, 18-Oct-2019 06:59:50 GMT
udb_origin=1; path=/; domain=huya.com; Max-Age=604800; Expires=Fri, 18-Oct-2019 06:59:50 GMT
udb_other=%7B%22lt%22%3A%221570777190492%22%2C%22isRem%22%3A%221%22%7D; path=/; domain=huya.com; Max-Age=604800; Expires=Fri, 18-Oct-2019 06:59:50 GMT
udb_passport=hy_20637776; path=/; domain=huya.com; Max-Age=604800; Expires=Fri, 18-Oct-2019 06:59:50 GMT
udb_status=1; path=/; domain=huya.com; Max-Age=604800; Expires=Fri, 18-Oct-2019 06:59:50 GMT
udb_uid=1199521503354; path=/; domain=huya.com; Max-Age=604800; Expires=Fri, 18-Oct-2019 06:59:50 GMT
udb_version=1.0; path=/; domain=huya.com; Max-Age=604800; Expires=Fri, 18-Oct-2019 06:59:50 GMT
username=hy_20637776; path=/; domain=huya.com; Max-Age=604800; Expires=Fri, 18-Oct-2019 06:59:50 GMT
yyuid=1199521503354; path=/; domain=huya.com; Max-Age=604800; Expires=Fri, 18-Oct-2019 06:59:50 GMT
vplayer_sbanner_1199521503354_1199521503354=1; 
PHPSESSID=3ugr7fgueis96r7g7pe8e9pk16; path=/
guid=0e74abbb6628a05dc9791694179466d7
vplayer_sbanner_71786346_71786346=1; 