__yasmid=0.5772526810056731; path=/
__yamid_tt1=0.5772526810056731; path=/
__yamid_new=C8A224CF89F0000169791C60225E1DCE; path=/
_yasids=__rootsid%3DC8A224CF89F000016E64126A16D31DEF; path=/
isInLiveRoom=true;
SoundValue=0.50;
alphaValue=0.80;
udb_passdata=3;
udb_biztoken=AQCgsp_GoPfv1cMVhWdT02DPkFzqIhUQa6jo3QGHAhtG5GeHap0AK0fImEdAfTwEHVeKb5GGEZ3dYgXGh9yWoe5-E1tq6Ul_3vH8BJpc94piUXHioJZidj-oDe_RT__2DEYb6PnQMxN36eb4cea1_GN-6ejVfWEnORA5miDikJYSjrWAFpiER4laIQV1We3r--sFQ3BRbYvnwsDlF9WPduwE_Q0EcvVw0XehwjfN816nN6VS6v8Oho_3mPDRMagwUhgv7NpnIABDdiQoWJF23RDftquXgYkcuTAWYUCUbBPYeD22cGsQCLilWwrOdiMpOMIQnf0nVzfa1HQPW9kt7QNd; path=/; domain=huya.com; Max-Age=604800; Expires=Fri, 18-Oct-2019 06:55:54 GMT
udb_origin=1; path=/; domain=huya.com; Max-Age=604800; Expires=Fri, 18-Oct-2019 06:55:54 GMT
udb_other=%7B%22lt%22%3A%221570776954278%22%2C%22isRem%22%3A%221%22%7D; path=/; domain=huya.com; Max-Age=604800; Expires=Fri, 18-Oct-2019 06:55:54 GMT
udb_passport=hy_32628102; path=/; domain=huya.com; Max-Age=604800; Expires=Fri, 18-Oct-2019 06:55:54 GMT
udb_status=1; path=/; domain=huya.com; Max-Age=604800; Expires=Fri, 18-Oct-2019 06:55:54 GMT
udb_uid=1199523520795; path=/; domain=huya.com; Max-Age=604800; Expires=Fri, 18-Oct-2019 06:55:54 GMT
udb_version=1.0; path=/; domain=huya.com; Max-Age=604800; Expires=Fri, 18-Oct-2019 06:55:54 GMT
username=hy_32628102; path=/; domain=huya.com; Max-Age=604800; Expires=Fri, 18-Oct-2019 06:55:54 GMT
yyuid=1199523520795; path=/; domain=huya.com; Max-Age=604800; Expires=Fri, 18-Oct-2019 06:55:54 GMT
vplayer_sbanner_1199521503354_1199521503354=1; 
PHPSESSID=c2r7j8mf39odhbifq5u04bmq62; path=/
guid=7160c3b17a27a05dd291546a556a2963